0 0 PD
0 1 D
0 2 D
0 3 D
0 4 D
0 5 PD
0 6 D
0 7 D
0 8 D
0 9 PD
0 10 D
0 11 D
0 12 D
0 13 D
0 14 D
0 15 D
0 16 D
0 17 D
0 18 D
0 19 D
1 0 P
1 1 P
1 2 D
1 3 P
1 4 P
1 5
1 6 D
1 7 D
1 8 P
1 9
1 10 D
1 11 P
1 12 P
1 13 D
1 14 PD
1 15 D
1 16
1 17 P
1 18 D
1 19 P
2 0 P
2 1 P
2 2 P
2 3
2 4 PD
2 5 PD
2 6
2 7 P
2 8 P
2 9 PD
2 10
2 11
2 12 D
2 13 P
2 14
2 15 PD
2 16
2 17 P
2 18 P
2 19
3 0 P
3 1 P
3 2 D
3 3 D
3 4
3 5
3 6 P
3 7
3 8
3 9 P
3 10 PD
3 11 D
3 12
3 13 P
3 14 D
3 15
3 16 P
3 17
3 18 D
3 19 
4 0 P
4 1 P
4 2 D
4 3 D
4 4 D
4 5 D
4 6 PD
4 7 D
4 8
4 9 D
4 10
4 11 PD
4 12
4 13 D
4 14
4 15 PD
4 16
4 17 D
4 18
4 19 P
5 0 P
5 1 D
5 2 P
5 3 D
5 4 D
5 5
5 6
5 7 P
5 8 D
5 9 D
5 10 D
5 11
5 12 D
5 13 P
5 14 P
5 15
5 16 PD
5 17
5 18 PD
5 19
6 0 P
6 1 P
6 2 P
6 3 PD
6 4 D
6 5 D
6 6 D
6 7 P
6 8 P
6 9 D
6 10 D
6 11 PD
6 12
6 13 P
6 14 P
6 15 D
6 16
6 17 P
6 18
6 19 D
7 0 P
7 1 P
7 2
7 3
7 4 D
7 5 D
7 6 P
7 7
7 8 D
7 9 D
7 10 P
7 11
7 12 PD
7 13
7 14 P
7 15 D
7 16 PD
7 17 D
7 18 D
7 19
8 0 P
8 1 PD
8 2 D
8 3
8 4 PD
8 5
8 6 D
8 7 P
8 8 D
8 9 P
8 10
8 11 P
8 12
8 13 PD
8 14
8 15 P
8 16
8 17 P
8 18 D
8 19 P
9 0 P
9 1 D
9 2 D
9 3
9 4 P
9 5 PD
9 6
9 7
9 8 P
9 9 D
9 10
9 11 P
9 12 D
9 13
9 14 D
9 15 P
9 16 PD
9 17
9 18 P
9 19
10 0 PD
10 1 P
10 2 D
10 3 D
10 4
10 5 P
10 6 D
10 7 PD
10 8 D
10 9 D
10 10
10 11 D
10 12 D
10 13
10 14 P
10 15
10 16
10 17 D
10 18 PD
10 19 D
11 0 P
11 1
11 2 PD
11 3
11 4 P
11 5
11 6 P
11 7 P
11 8 D
11 9 D
11 10 D
11 11 D
11 12
11 13 D
11 14 D
11 15 P
11 16 P
11 17 P
11 18
11 19 P
12 0 P
12 1 D
12 2 P
12 3 D
12 4 D
12 5 D
12 6 P
12 7
12 8 P
12 9 PD
12 10
12 11 D
12 12 D
12 13 D
12 14 P
12 15
12 16 P
12 17 D
12 18 P
12 19 P
13 0 PD
13 1
13 2 D
13 3
13 4 P
13 5 P
13 6 D
13 7 D
13 8
13 9 P
13 10 D
13 11 PD
13 12 D
13 13
13 14 D
13 15 P
13 16 PD
13 17
13 18
13 19
14 0 P
14 1 D
14 2 D
14 3 D
14 4
14 5 D
14 6 PD
14 7
14 8 P
14 9 D
14 10
14 11
14 12 D
14 13 D
14 14 P
14 15 P
14 16
14 17 P
14 18 D
14 19 D
15 0 P
15 1 PD
15 2
15 3 PD
15 4
15 5 P
15 6
15 7 P
15 8 P
15 9 PD
15 10 D
15 11 D
15 12 D
15 13 P
15 14 P
15 15 D
15 16 P
15 17 PD
15 18
15 19 P
16 0 P
16 1
16 2 P
16 3 P
16 4 PD
16 5
16 6 PD
16 7
16 8
16 9 D
16 10
16 11 PD
16 12
16 13
16 14 D
16 15 P
16 16
16 17 P
16 18 PD
16 19
17 0 PD
17 1
17 2 P
17 3 P
17 4 P
17 5 D
17 6
17 7 D
17 8 P
17 9 D
17 10 D
17 11
17 12 D
17 13
17 14 P
17 15 D
17 16 D
17 17
17 18 P
17 19 P
18 0 P
18 1 D
18 2 D
18 3
18 4 P
18 5 D
18 6 PD
18 7
18 8
18 9 PD
18 10
18 11 PD
18 12 D
18 13 D
18 14 P
18 15 D
18 16 
18 17 P
18 18
18 19 P
19 0 P
19 1 D
19 2 D
19 3
19 4 D
19 5
19 6
19 7 P
19 8 D
19 9
19 10 D
19 11
19 12 P
19 13 D
19 14
19 15 D
19 16 D
19 17
19 18 D
19 19
